10 16 48
0.962963 0.375000 1.000000 0.416667 1.000000 0.000000 0.000000 0.000000 
0.259259 0.458333 0.296296 0.500000 1.000000 0.000000 0.000000 0.000000 
0.259259 0.458333 0.296296 0.500000 1.000000 0.000000 0.000000 0.000000 
0.259259 0.458333 0.296296 0.500000 1.000000 0.000000 0.000000 0.000000 
0.259259 0.458333 0.296296 0.500000 1.000000 0.000000 0.000000 0.000000 
0.259259 0.458333 0.296296 0.500000 1.000000 0.000000 0.000000 0.000000 
0.259259 0.458333 0.296296 0.500000 1.000000 0.000000 0.000000 0.000000 
0.259259 0.458333 0.296296 0.500000 1.000000 0.000000 0.000000 0.000000 
0.259259 0.458333 0.296296 0.500000 1.000000 0.000000 0.000000 0.000000 
0.259259 0.458333 0.296296 0.500000 1.000000 0.000000 0.000000 0.000000 
0.962963 0.375000 1.000000 0.416667 1.000000 0.000000 0.000000 0.000000 
0.481481 0.500000 0.518519 0.541667 0.000000 0.000000 0.000000 0.000000 
0.481481 0.500000 0.518519 0.541667 0.000000 0.000000 0.000000 0.000000 
0.481481 0.500000 0.518519 0.541667 0.000000 0.000000 0.000000 0.000000 
0.481481 0.500000 0.518519 0.541667 0.000000 0.000000 0.000000 0.000000 
0.481481 0.500000 0.518519 0.541667 0.000000 0.000000 0.000000 0.000000 
0.481481 0.500000 0.518519 0.541667 0.000000 0.000000 0.000000 0.000000 
0.481481 0.500000 0.518519 0.541667 0.000000 0.000000 0.000000 0.000000 
0.481481 0.500000 0.518519 0.541667 0.000000 0.000000 0.000000 0.000000 
0.888889 0.416667 0.925926 0.458333 1.000000 0.000000 0.000000 0.000000 
0.962963 0.375000 1.000000 0.416667 1.000000 0.000000 0.000000 0.000000 
0.481481 0.500000 0.518519 0.541667 0.000000 0.000000 0.000000 0.000000 
0.481481 0.500000 0.518519 0.541667 0.000000 0.000000 0.000000 0.000000 
0.481481 0.500000 0.518519 0.541667 0.000000 0.000000 0.000000 0.000000 
0.481481 0.500000 0.518519 0.541667 0.000000 0.000000 0.000000 0.000000 
0.481481 0.500000 0.518519 0.541667 0.000000 0.000000 0.000000 0.000000 
0.481481 0.500000 0.518519 0.541667 0.000000 0.000000 0.000000 0.000000 
0.481481 0.500000 0.518519 0.541667 0.000000 0.000000 0.000000 0.000000 
0.481481 0.500000 0.518519 0.541667 0.000000 0.000000 0.000000 0.000000 
0.888889 0.375000 0.925926 0.416667 1.000000 0.000000 0.000000 0.000000 
0.962963 0.375000 1.000000 0.416667 1.000000 0.000000 0.000000 0.000000 
0.481481 0.500000 0.518519 0.541667 0.000000 0.000000 0.000000 0.000000 
0.481481 0.500000 0.518519 0.541667 0.000000 0.000000 0.000000 0.000000 
0.481481 0.500000 0.518519 0.541667 0.000000 0.000000 0.000000 0.000000 
0.481481 0.500000 0.518519 0.541667 0.000000 0.000000 0.000000 0.000000 
0.481481 0.500000 0.518519 0.541667 0.000000 0.000000 0.000000 0.000000 
0.481481 0.500000 0.518519 0.541667 0.000000 0.000000 0.000000 0.000000 
0.481481 0.500000 0.518519 0.541667 0.000000 0.000000 0.000000 0.000000 
0.481481 0.500000 0.518519 0.541667 0.000000 0.000000 0.000000 0.000000 
0.888889 0.375000 0.925926 0.416667 1.000000 0.000000 0.000000 0.000000 
0.962963 0.375000 1.000000 0.416667 1.000000 0.000000 0.000000 0.000000 
0.481481 0.500000 0.518519 0.541667 0.000000 0.000000 0.000000 0.000000 
0.481481 0.500000 0.518519 0.541667 0.000000 0.000000 0.000000 0.000000 
0.481481 0.500000 0.518519 0.541667 0.000000 0.000000 0.000000 0.000000 
0.481481 0.500000 0.518519 0.541667 0.000000 0.000000 0.000000 0.000000 
0.481481 0.500000 0.518519 0.541667 0.000000 0.000000 0.000000 0.000000 
0.481481 0.500000 0.518519 0.541667 0.000000 0.000000 0.000000 0.000000 
0.481481 0.500000 0.518519 0.541667 0.000000 0.000000 0.000000 0.000000 
0.481481 0.500000 0.518519 0.541667 0.000000 0.000000 0.000000 0.000000 
0.888889 0.375000 0.925926 0.416667 1.000000 0.000000 0.000000 0.000000 
0.962963 0.375000 1.000000 0.416667 1.000000 0.000000 0.000000 0.000000 
0.481481 0.500000 0.518519 0.541667 0.000000 0.000000 0.000000 0.000000 
0.481481 0.500000 0.518519 0.541667 0.000000 0.000000 0.000000 0.000000 
0.481481 0.500000 0.518519 0.541667 0.000000 0.000000 0.000000 0.000000 
0.481481 0.500000 0.518519 0.541667 0.000000 0.000000 0.000000 0.000000 
0.481481 0.500000 0.518519 0.541667 0.000000 0.000000 0.000000 0.000000 
0.481481 0.500000 0.518519 0.541667 0.000000 0.000000 0.000000 0.000000 
0.481481 0.500000 0.518519 0.541667 0.000000 0.000000 0.000000 0.000000 
0.481481 0.500000 0.518519 0.541667 0.000000 0.000000 0.000000 0.000000 
0.888889 0.375000 0.925926 0.416667 1.000000 0.000000 0.000000 0.000000 
0.962963 0.375000 1.000000 0.416667 1.000000 0.000000 0.000000 0.000000 
0.481481 0.500000 0.518519 0.541667 0.000000 0.000000 0.000000 0.000000 
0.481481 0.500000 0.518519 0.541667 0.000000 0.000000 0.000000 0.000000 
0.481481 0.500000 0.518519 0.541667 0.000000 0.000000 0.000000 0.000000 
0.481481 0.500000 0.518519 0.541667 0.000000 0.000000 0.000000 0.000000 
0.481481 0.500000 0.518519 0.541667 0.000000 0.000000 0.000000 0.000000 
0.481481 0.500000 0.518519 0.541667 0.000000 0.000000 0.000000 0.000000 
0.481481 0.500000 0.518519 0.541667 0.000000 0.000000 0.000000 0.000000 
0.481481 0.500000 0.518519 0.541667 0.000000 0.000000 0.000000 0.000000 
0.888889 0.375000 0.925926 0.416667 1.000000 0.000000 0.000000 0.000000 
0.962963 0.375000 1.000000 0.416667 1.000000 0.000000 0.000000 0.000000 
0.481481 0.500000 0.518519 0.541667 0.000000 0.000000 0.000000 0.000000 
0.481481 0.500000 0.518519 0.541667 0.000000 0.000000 0.000000 0.000000 
0.481481 0.500000 0.518519 0.541667 0.000000 0.000000 0.000000 0.000000 
0.481481 0.500000 0.518519 0.541667 0.000000 0.000000 0.000000 0.000000 
0.481481 0.500000 0.518519 0.541667 0.000000 0.000000 0.000000 0.000000 
0.481481 0.500000 0.518519 0.541667 0.000000 0.000000 0.000000 0.000000 
0.481481 0.500000 0.518519 0.541667 0.000000 0.000000 0.000000 0.000000 
0.481481 0.500000 0.518519 0.541667 0.000000 0.000000 0.000000 0.000000 
0.888889 0.375000 0.925926 0.416667 1.000000 0.000000 0.000000 0.000000 
0.962963 0.375000 1.000000 0.416667 1.000000 0.000000 0.000000 0.000000 
0.481481 0.500000 0.518519 0.541667 0.000000 0.000000 0.000000 0.000000 
0.481481 0.500000 0.518519 0.541667 0.000000 0.000000 0.000000 0.000000 
0.481481 0.500000 0.518519 0.541667 0.000000 0.000000 0.000000 0.000000 
0.481481 0.500000 0.518519 0.541667 0.000000 0.000000 0.000000 0.000000 
0.481481 0.500000 0.518519 0.541667 0.000000 0.000000 0.000000 0.000000 
0.481481 0.500000 0.518519 0.541667 0.000000 0.000000 0.000000 0.000000 
0.481481 0.500000 0.518519 0.541667 0.000000 0.000000 0.000000 0.000000 
0.481481 0.500000 0.518519 0.541667 0.000000 0.000000 0.000000 0.000000 
0.888889 0.375000 0.925926 0.416667 1.000000 0.000000 0.000000 0.000000 
0.962963 0.375000 1.000000 0.416667 1.000000 0.000000 0.000000 0.000000 
0.481481 0.500000 0.518519 0.541667 0.000000 0.000000 0.000000 0.000000 
0.481481 0.500000 0.518519 0.541667 0.000000 0.000000 0.000000 0.000000 
0.481481 0.500000 0.518519 0.541667 0.000000 0.000000 0.000000 0.000000 
0.481481 0.500000 0.518519 0.541667 0.000000 0.000000 0.000000 0.000000 
0.481481 0.500000 0.518519 0.541667 0.000000 0.000000 0.000000 0.000000 
0.481481 0.500000 0.518519 0.541667 0.000000 0.000000 0.000000 0.000000 
0.481481 0.500000 0.518519 0.541667 0.000000 0.000000 0.000000 0.000000 
0.481481 0.500000 0.518519 0.541667 0.000000 0.000000 0.000000 0.000000 
0.888889 0.375000 0.925926 0.416667 1.000000 0.000000 0.000000 0.000000 
0.962963 0.375000 1.000000 0.416667 1.000000 0.000000 0.000000 0.000000 
0.481481 0.500000 0.518519 0.541667 0.000000 0.000000 0.000000 0.000000 
0.481481 0.500000 0.518519 0.541667 0.000000 0.000000 0.000000 0.000000 
0.481481 0.500000 0.518519 0.541667 0.000000 0.000000 0.000000 0.000000 
0.481481 0.500000 0.518519 0.541667 0.000000 0.000000 0.000000 0.000000 
0.481481 0.500000 0.518519 0.541667 0.000000 0.000000 0.000000 0.000000 
0.481481 0.500000 0.518519 0.541667 0.000000 0.000000 0.000000 0.000000 
0.481481 0.500000 0.518519 0.541667 0.000000 0.000000 0.000000 0.000000 
0.481481 0.500000 0.518519 0.541667 0.000000 0.000000 0.000000 0.000000 
0.888889 0.375000 0.925926 0.416667 1.000000 0.000000 0.000000 0.000000 
0.962963 0.375000 1.000000 0.416667 1.000000 0.000000 0.000000 0.000000 
0.481481 0.500000 0.518519 0.541667 0.000000 0.000000 0.000000 0.000000 
0.481481 0.500000 0.518519 0.541667 0.000000 0.000000 0.000000 0.000000 
0.481481 0.500000 0.518519 0.541667 0.000000 0.000000 0.000000 0.000000 
0.481481 0.500000 0.518519 0.541667 0.000000 0.000000 0.000000 0.000000 
0.481481 0.500000 0.518519 0.541667 0.000000 0.000000 0.000000 0.000000 
0.481481 0.500000 0.518519 0.541667 0.000000 0.000000 0.000000 0.000000 
0.481481 0.500000 0.518519 0.541667 0.000000 0.000000 0.000000 0.000000 
0.481481 0.500000 0.518519 0.541667 0.000000 0.000000 0.000000 0.000000 
0.888889 0.375000 0.925926 0.416667 1.000000 0.000000 0.000000 0.000000 
0.962963 0.375000 1.000000 0.416667 1.000000 0.000000 0.000000 0.000000 
0.481481 0.500000 0.518519 0.541667 0.000000 0.000000 0.000000 0.000000 
0.481481 0.500000 0.518519 0.541667 0.000000 0.000000 0.000000 0.000000 
0.481481 0.500000 0.518519 0.541667 0.000000 0.000000 0.000000 0.000000 
0.481481 0.500000 0.518519 0.541667 0.000000 0.000000 0.000000 0.000000 
0.481481 0.500000 0.518519 0.541667 0.000000 0.000000 0.000000 0.000000 
0.481481 0.500000 0.518519 0.541667 0.000000 0.000000 0.000000 0.000000 
0.481481 0.500000 0.518519 0.541667 0.000000 0.000000 0.000000 0.000000 
0.481481 0.500000 0.518519 0.541667 0.000000 0.000000 0.000000 0.000000 
0.888889 0.375000 0.925926 0.416667 1.000000 0.000000 0.000000 0.000000 
0.962963 0.375000 1.000000 0.416667 1.000000 0.000000 0.000000 0.000000 
0.481481 0.500000 0.518519 0.541667 0.000000 0.000000 0.000000 0.000000 
0.481481 0.500000 0.518519 0.541667 0.000000 0.000000 0.000000 0.000000 
0.481481 0.500000 0.518519 0.541667 0.000000 0.000000 0.000000 0.000000 
0.481481 0.500000 0.518519 0.541667 0.000000 0.000000 0.000000 0.000000 
0.481481 0.500000 0.518519 0.541667 0.000000 0.000000 0.000000 0.000000 
0.481481 0.500000 0.518519 0.541667 0.000000 0.000000 0.000000 0.000000 
0.481481 0.500000 0.518519 0.541667 0.000000 0.000000 0.000000 0.000000 
0.481481 0.500000 0.518519 0.541667 0.000000 0.000000 0.000000 0.000000 
0.888889 0.375000 0.925926 0.416667 1.000000 0.000000 0.000000 0.000000 
0.962963 0.375000 1.000000 0.416667 1.000000 0.000000 0.000000 0.000000 
0.481481 0.500000 0.518519 0.541667 0.000000 0.000000 0.000000 0.000000 
0.481481 0.500000 0.518519 0.541667 0.000000 0.000000 0.000000 0.000000 
0.481481 0.500000 0.518519 0.541667 0.000000 0.000000 0.000000 0.000000 
0.481481 0.500000 0.518519 0.541667 0.000000 0.000000 0.000000 0.000000 
0.481481 0.500000 0.518519 0.541667 0.000000 0.000000 0.000000 0.000000 
0.481481 0.500000 0.518519 0.541667 0.000000 0.000000 0.000000 0.000000 
0.481481 0.500000 0.518519 0.541667 0.000000 0.000000 0.000000 0.000000 
0.481481 0.500000 0.518519 0.541667 0.000000 0.000000 0.000000 0.000000 
0.888889 0.375000 0.925926 0.416667 1.000000 0.000000 0.000000 0.000000 
0.962963 0.375000 1.000000 0.416667 1.000000 0.000000 0.000000 0.000000 
0.888889 0.416667 0.925926 0.458333 1.000000 0.000000 0.000000 0.000000 
0.925926 0.416667 0.962963 0.458333 1.000000 0.000000 0.000000 0.000000 
0.925926 0.416667 0.962963 0.458333 1.000000 0.000000 0.000000 0.000000 
0.925926 0.416667 0.962963 0.458333 1.000000 0.000000 0.000000 0.000000 
0.925926 0.416667 0.962963 0.458333 1.000000 0.000000 0.000000 0.000000 
0.925926 0.416667 0.962963 0.458333 1.000000 0.000000 0.000000 0.000000 
0.925926 0.416667 0.962963 0.458333 1.000000 0.000000 0.000000 0.000000 
0.962963 0.416667 1.000000 0.458333 1.000000 0.000000 0.000000 0.000000 
0.888889 0.333333 0.925926 0.375000 1.000000 0.000000 0.000000 0.000000 
